#  CHARMM 19 parameters
#  Type           V     dG_ref    dG_free    sig_w      R_min    E_min
    H         0.000      0.000      0.000    3.500      0.800   0.0498
    HC        0.000      0.000      0.000    3.500      0.600   0.0498
    HA        0.000      0.000      0.000    3.500      1.468   0.0450
    HT        0.000      0.000      0.000    3.500      0.800   0.0498
    C        14.700      0.000      0.000    3.500      2.100   0.1200
    CR        8.300     -0.890     -1.400    3.500      2.100   0.1200
    CH1E     23.700     -0.187     -0.250    3.500      2.365   0.0486
    CH2E     22.400      0.372      0.520    3.500      2.235   0.1142
    CH3E     30.000      1.089      1.500    3.500      2.165   0.1811
    CR1E     18.400      0.057      0.080    3.500      2.100   0.1200
    CT       14.700      0.000      0.000    3.500      2.490   0.0262
    CM       14.700      0.000      0.000    3.500      2.490   0.0262
    NH1       4.400     -5.950     -8.900    3.500      1.600   0.2384
    NR        4.400     -3.820     -4.000    3.500      1.600   0.2384
    NP        4.400     -3.820     -4.000    3.500      1.600   0.2384
    NH2      11.200     -5.450     -7.800    3.500      1.600   0.2384
    NH3      11.200    -20.000    -20.000    6.000      1.600   0.2384
    NC2      11.200    -10.000    -10.000    6.000      1.600   0.2384
    N         0.000     -1.000     -1.550    3.500      1.600   0.2384
    OM       10.800      0.000      0.000    3.500      1.600   0.1591
    OS        0.000      0.000      0.000    3.500      1.600   0.1591
    OH1      10.800     -5.920     -6.700    3.500      1.600   0.1591
    O        10.800     -5.330     -5.850    3.500      1.600   0.1591
    OC       10.800    -10.000    -10.000    6.000      1.600   0.6469
    OT        0.000      0.000      0.000    3.500      1.600   0.1591
    OH2       0.000      0.000      0.000    3.500      1.740   0.0758
    LP        0.000      0.000      0.000    3.500      0.225   0.04598
    S        14.700     -3.240     -4.100    3.500      1.890   0.0430
    SH1E     21.400     -2.050     -2.700    3.500      1.890   0.0430
    CAL      20.945    -25.000    -25.000    6.000      1.710   0.1200
    FE       15.000      0.000      0.000    3.500      0.650   0.0000
